0   0.00020359247367684 -3.86445887753818e-05 -6.98606366867738e-05 -3.19691511035535e-05 -1.70328674150247e-06 1.43011987310492e-05 0.999999999385274
0 0.00186420268958961 0.00587890459417366 0.00218000851853458 0.00276571948739722 -0.00805551121910938 -0.00875529806037221 0.999925399362667
0 0.00783118063512795  0.0183239659338073  0.0085066674373698 -0.020955080145776 -0.0231434329455873 -0.0327876134380291 0.998974593537101
0 0.0161132319524714 0.0348292040491125 0.0183439435731084 0.00554728295023792 -0.0385085056007072 -0.0424485691712748 0.99834084441316
0 0.0309525650165986 0.0398081210910466 0.0450352238557196 -0.0220795468727255 -0.0117544062430327 -0.0298477965761354 0.999241430577875
0 0.0335819038911224 0.0372592603766369 0.0503202590383384 -0.0301545468959961 0.0329913836069458 -0.0181211735055235 0.998836270356648
0 0.0351268957701483 0.0354428655029118 0.0547814958696181 -0.0347957600066546 0.076321597181627 -0.01115345625623 0.996413503171623
0 0.0421833474657237 0.0265677566644966 0.0697234530477218 -0.0348862548001529 0.0931903137121385 -0.0102895931009931 0.994983738022923
0 0.0477812437125423  0.019883661097028 0.0801514483595207 -0.0540792351289261 0.0761701567444213 0.0013536455802309 0.995626290931012
0 0.0567286049902421 0.0134129406154021 0.0960432561962663 -0.0623198162664424 0.0981377761191805 -0.00893586671154392 0.993179423712056
0 0.0620189760318652 0.0098757533288724  0.104331087395066 -0.0727906933364052 0.129951886650977 0.00139075708645787 0.988843813710833
0  0.0687023338895534 0.00603203614809738   0.114458059693845 -0.0772218237741084 0.134860840350073 -0.0104265237731872 0.987795844937141
0    0.0805842446174404 -0.000718934393606122     0.133567321332083 -0.0690223803061979 0.123546047334052 -0.00750442399937742 0.989907050598912
0   0.0874631727875424 -0.00452237827881883    0.143915098757469 -0.0768428463875893 0.160481690651228 -0.00138063358897815 0.984042121951937
0   0.0858315485816728 -0.00246524663940551    0.141847168414957 -0.0741042261246411 0.202719770034802 0.0205708015469811 0.97621211866644
0   0.094343679909059 -0.0076132485308018   0.154645964073591 -0.0824946596143757 0.229687949547562 0.00984175792021406 0.96971192462957
0   0.0975988168110568 -0.00977836347226207     0.15892104862701 -0.0735296468246556 0.231353633634866 0.0217144119928011 0.96984399341007
0   0.10317794742904 -0.011865020429796  0.164961800837939 -0.0862234747284749 0.233679846381128 0.0273084202283461 0.968097873143864
0   0.110239494792416 -0.0145624319427611   0.171204381996205 -0.0912981065654208 0.256516084515028 0.027286789197944 0.961831370489607
0   0.113843043962129 -0.0170883738702244    0.17171139840727 -0.0839655605724162 0.272833310674822 0.0269496352301548 0.958011214122746
0   0.122238206014456 -0.0203598398423194   0.178132044335863 -0.0860692448616232 0.28768721732114 0.0338960114207078 0.9532466682285
0   0.131928392815077 -0.0226411279701775   0.183492757462723 -0.0873579194584404 0.306358158521203 0.0393796831065898 0.947081048893818
0   0.140879105714266 -0.0245692467665578   0.188687693099193 -0.078481713887967 0.310435350767663 0.0391263554214446 0.946540882313279
0   0.149566857057506 -0.0265531714994301   0.193033045711548 -0.0714270300642616 0.294322845179363 0.0417659652854711 0.952117559088948
0   0.156852888195708 -0.0274940810167352   0.198426018368893 -0.0800805307503673 0.279719688163962 0.0424313332967135 0.955794740832392
0    0.16486653407789 -0.0284720533472866   0.205454942010043 -0.0851815099278433 0.29428510855886 0.0499731410155367 0.950601425637451
0   0.171020988530267 -0.0293154210352734   0.211138719976809 -0.0902313058529686 0.316429954947717 0.0586702965678417 0.942490419769079
0    0.17653410922288 -0.0307834575571245   0.217315709481571 -0.0826701750159324 0.343587630005109 0.0674516316278328 0.933039902716411
0  0.181768936932349 -0.032446446891926  0.222871463814437 -0.0766056345776388 0.368940991117683 0.0742296941386397 0.92331147200289
0    0.18771583172509 -0.0332122333609278   0.228386940049416 -0.0798282590508098 0.394283354846993 0.0764755645116782 0.91231550089875
0    0.19625692782565 -0.0331456633287604    0.23659100446965 -0.0815550539111401 0.418801527439219 0.0764832027024323 0.901168338048174
0   0.203703190568055 -0.0332178902168632   0.240048204017338 -0.080971605945071 0.434659174509364 0.0833620390242897 0.893065379182973
0   0.214094172411572 -0.0337569267181836   0.245861268454244 -0.0743754726511155 0.447427947824047 0.0869092616560025 0.886974239091696
0   0.226534473305099 -0.0354620260242087   0.253752316110154 -0.0760449101612836 0.458080218728914 0.0938821039970996 0.880662157354857
0   0.236321775799261 -0.0354934002054541   0.256771893147698 -0.0731664531306604 0.477545208153035 0.0955309620709027 0.870328144777682
0     0.2462612551759 -0.0357811728351926   0.262236620055683 -0.0752118836966946 0.497378879095927 0.0979724432324173 0.858696001823197
0   0.256844706658726 -0.0359709464526847   0.267642485152694 -0.0761904220998872 0.524643189427574 0.103327688413204 0.841586556555348
0    0.26618424848641 -0.0363201952447398   0.271815190675797 -0.07318921170168 0.555907023134857 0.107132679187096 0.821056216083907
0   0.275204823182773 -0.0369584449528779   0.275680894752274 -0.0769786859375677 0.584280877899523 0.120073138932445 0.798919632340574
0   0.288038056236305 -0.0371605302052447   0.281868924575646 -0.0850414775644848 0.609226475701339 0.125789891368439 0.778323808981642
0   0.302794898388235 -0.0365517875224987   0.286855182187305 -0.0882069801123464 0.626947573703155 0.129533514156842 0.763136512818883
0   0.321740526264564 -0.0367356659285477   0.290434937218949 -0.0791091886784632 0.63100796091689 0.13102613080541 0.760528002490577
0   0.338772647652579 -0.0370722215693578   0.293814519640731 -0.0832532465671146 0.634358635577058 0.136078275495373 0.756399842241558
0   0.355235187386497 -0.0370448125817708   0.302049329147891 -0.0978266227980455 0.64217111804409 0.128299096494883 0.749390117936265
0   0.364150332762561 -0.0382528726759638   0.305050045630198 -0.0867740181798918 0.661207631332707 0.126599859327429 0.734334537969298
0   0.374843898167141 -0.0398096309150982   0.308841572625637 -0.089939172617825 0.684279489717891 0.138672614082949 0.710241107852569
0   0.388485942234442 -0.0420771574271327    0.31118806343955 -0.0816427629549673 0.696218541026855 0.146499466999223 0.697962827489015
0   0.399796852938446 -0.0419088116662557   0.309635337537241 -0.0774831882326294 0.718445715841017 0.15255951825723 0.674208945594848
0   0.410548135371484 -0.0413874784295075   0.306194536243605 -0.0662610535590552 0.741252823639988 0.156383141078562 0.649382812687086
0   0.419328920559884 -0.0406565932074095    0.30250390386928 -0.0702255667962257 0.76048936655882 0.17019362688001 0.622702515241862
0  0.427512545147668 -0.041067804298139  0.299312753477457 -0.0744882152846046 0.7767207180268 0.172042433291243 0.6012967928726
0   0.436202629051383 -0.0430146684217748   0.295589817721845 -0.0808463399145467 0.788012448679293 0.183517636888794 0.582083780052011
0   0.443970509751355 -0.0460774972856694   0.292129064475643 -0.0814473853325143 0.798433370425762 0.187846980755826 0.566201367213093
0   0.451417172819336 -0.0500853051186088   0.289333196232556 -0.0802647678413135 0.804807790066456 0.192754034706201 0.555596859418957
0   0.459060028920647 -0.0549636772896883   0.286880777858448 -0.0790678681480132 0.814109788227096 0.187594631394135 0.543858234479777
0   0.465702095731866 -0.0595088840474577   0.284100308475818 -0.0857998324534358 0.827099854111755 0.188979785685464 0.522332136366845
0   0.472749975958475 -0.0632226129502423   0.281643645488988 -0.0865149081277772 0.843998588616949 0.185618827790817 0.49570878936509
0   0.479821380800856 -0.0660893270449626   0.279648011940309 -0.0776306406794394 0.861767888496026 0.176658210300732 0.469171042071165
0   0.489429473306996 -0.0685999474947638   0.278422402683073 -0.0617461240834101 0.878229961566742 0.177447188802115 0.439786363992089
0   0.503128240060593 -0.0712952359016896   0.274526723048212 -0.0547049888723002 0.890934231866874 0.181150458933145 0.412829347198786
0   0.521294336431299 -0.0721864756181598   0.265609344043125 -0.0439027640834289 0.90130601345656 0.173108749965465 0.394656025037339
0   0.540734906595788 -0.0735325847318807   0.255076879864183 -0.0212018077229307 0.903479397934662 0.165557312282327 0.394798983289918
0   0.563644105053956 -0.0723080613442563   0.243876524679706 -0.0217048669452884 0.905681349672979 0.177869005889902 0.384230150234409
0    0.56472231798885 -0.0721251586576907   0.243345198147874 -0.0199872010744073 0.906006535728893 0.178072913198848 0.383461479935881
0   0.578483320721139 -0.0720134360872535   0.238709791954976 -0.0141457119015064 0.905076549783409 0.184625663602871 0.382818105901692
0   0.593620761723565 -0.0721032058791662   0.235244949834184 -0.0182461882733694 0.894130299875617 0.188791903637766 0.405654656794003
0   0.604646334355491 -0.0721207556767408   0.233987892377101 -0.0239217349795313 0.879387290175077 0.18221041720548 0.439209640531613
0   0.612793462832319 -0.0719795618705228   0.233496931000607 -0.029121829157931 0.864362215182353 0.172805299709778 0.471347227024585
0   0.620613844951188 -0.0725753406001313   0.233284199234598 -0.0292415141162434 0.845701470084502 0.158881023933424 0.50861653294301
0   0.628790665723472 -0.0729007710579737   0.233203333580516 -0.0313720768712181 0.820002759683245 0.149888098754653 0.55149326809705
0   0.638156567470418 -0.0727709509438214   0.233433844299104 -0.0352515024125491 0.790843444348609 0.147300538721348 0.592981053155062
0   0.656108941654543 -0.0729270463290619   0.234122359295612 -0.0440239106436274 0.765873851869582 0.138097144754019 0.626440992372689
0    0.67682320601817 -0.0741941227638045   0.239474239064966 -0.0465719111724188 0.748998864695354 0.123676280963468 0.649257988246478
0   0.689368259690768 -0.0753628886526581   0.244455111206502 -0.0500596416642621 0.722926606703825 0.123880559537693 0.677882556616386
0   0.700842589457935 -0.0759118480959671   0.249558030093393 -0.0475107836567132 0.693075679597415 0.117287315947902 0.709670707655771
0   0.710551194829288 -0.0766065061468245   0.254405976134748 -0.0471882284766152 0.663379215466842 0.113832432412835 0.73806738507457
0   0.720512267039504 -0.0781401876276976   0.259182158426685 -0.0445095562182969 0.629354721337582 0.106875932635111 0.768445879134451
0   0.729100402976151 -0.0792833872910088   0.264360582883098 -0.0452966356477419 0.592060107891311 0.095598465914557 0.798920507157946
0   0.736278969101045 -0.0805644109531884   0.270538414792886 -0.0466417681490473 0.555506394513558 0.0856537859490579 0.825772741177057
0   0.744371953621439 -0.0811034427001886    0.27793296919325 -0.0493080754984573 0.521214492295122 0.0824915575993994 0.84799723445127
0   0.756822548461017 -0.0822935486964637   0.291434754797845 -0.0472272058487556 0.495320534176988 0.0737610092600211 0.864283791912868
0   0.768450001697724 -0.0851228600119442   0.305760642694983 -0.049397774500065 0.470357954995809 0.0693103091921784 0.878361733619063
0    0.77709587980323 -0.0862700105888092   0.317322173188807 -0.0535059165273156 0.436970491283374 0.0707871058330443 0.895088315358837
0   0.784759528218826 -0.0873350134306882   0.327819333886385 -0.0477002782029711 0.399816008245552 0.0628750832066397 0.913191418554571
0     0.7921326315122 -0.0895308781773746   0.335618270127482 -0.0389134954640971 0.367149163946655 0.0543819929946843 0.92775526413056
0   0.813097575945955 -0.0917699778752937   0.355103310817893 -0.0504734604391357 0.3501150287951 0.0515746109528086 0.933922885418369
0   0.832935865104914 -0.0929993369481093   0.372140696786392 -0.0532531813791763 0.371489415480774 0.0524581381480344 0.925423068980232
0   0.851999397391695 -0.0938612753939973   0.382132789128312 -0.0549096339559548 0.346544063771372 0.0578321064011717 0.934637679228079
0    0.85780189252408 -0.0940363411446443   0.385710017889832 -0.0582636363876199 0.299807327225165 0.0483676377299852 0.950989740658339
0   0.862188028901536 -0.0944412858577565    0.38946356777482 -0.066115426509686 0.252473767361623 0.0375987193514241 0.964609808925248
0   0.865036166351981 -0.0955013988053017   0.394526363688446 -0.0672142202378468 0.205406672408426 0.033335299265364 0.975796651639472
0   0.866780939825354 -0.0973060385243282   0.402808532210812 -0.0560999668857886 0.167616105841739 0.0237820368262892 0.983967504291812
0   0.868617572968054 -0.0994224621395229   0.415024773755922 -0.0510551354027193 0.135548718737974 0.011931563808109 0.989382411296359
0  0.869151693135167 -0.100399991050163  0.424512491152887 -0.0609807214151051 0.0972751084425672 0.0084695054595449 0.993351484808097
0 0.870069138667948 -0.10157224553139 0.435171879056109 -0.0618031385764529 0.0574532027312044 0.00639837000175834 0.996412847377706
0  0.870676068143551 -0.102645394188758  0.442356486516631 -0.0609080349942565 0.0210012318602205 0.00349112712745632 0.99791631491066
0  0.869757449084316 -0.103265194678721  0.448689557768181 -0.0552512263145432 -0.0284653442894592 -0.00732307179818529 0.998039778157494
0  0.868118340475309 -0.103672025559294  0.454634426480648 -0.064054360082344 -0.0713463365089282 -0.0196423244192428 0.995198934039122
0  0.865456928151923 -0.104020584837453  0.459286548271789 -0.0592996716492333 -0.113679981562798 -0.0273259584092143 0.991369609545901
0  0.861496852322668 -0.104351116830478  0.465859575645793 -0.0628473902135291 -0.154141658835145 -0.0359964401186832 0.985390689449459
0  0.853233310106051 -0.105643271773983  0.476638288849346 -0.061999162396904 -0.186625177879789 -0.043425061902501 0.979510801799645
0  0.839961887206295 -0.107845070197332  0.492303119368556 -0.056795851528855 -0.212994113671518 -0.051086832932052 0.974062561795375
0  0.825940609139314 -0.108427164370689  0.512759773519423 -0.0659508465566134 -0.233591419966123 -0.0559815021241907 0.96847901669401
0   0.81775784779706 -0.110359833694898  0.524530042445899 -0.0639728428780731 -0.269154664325476 -0.0617522987066358 0.958983782788001
0  0.810163904562868 -0.111298755556985  0.531411576903367 -0.057458481798458 -0.310560088380182 -0.0699316468039771 0.946234917528408
0  0.802157653120266 -0.111528709192635    0.5362989103111 -0.0590135321807513 -0.352423743638186 -0.0763969440746838 0.930848223329479
0  0.79035636702888 -0.11187700741871 0.542124135142838 -0.0589893732967927 -0.387828335220075 -0.085393829158071 0.915869712448337
0  0.775117844852642 -0.112865174189836  0.547751806627761 -0.0507279043225899 -0.418194293401099 -0.0872345752634471 0.902734923201933
0  0.762176729981933 -0.114279524359811  0.552007541902984 -0.0542353227679393 -0.450571167475852 -0.0904783117019391 0.886486225451514
0  0.751471814117186 -0.113615992413211  0.555164456095345 -0.0549726966275827 -0.482971024882773 -0.0974509283351416 0.868458581807903
0  0.742723345389201 -0.114309057688877  0.557968839824298 -0.0520697270579163 -0.521645687768076 -0.102142471204595 0.845423820065004
0  0.736995457340473 -0.114489035303911  0.560141419433237 -0.048564292432634 -0.551715939007449 -0.109170143359347 0.825428926040605
0  0.728862544998738 -0.114799863560342  0.561868145743962 -0.0399743966583784 -0.58602255790053 -0.118367259420031 0.800605271741893
0  0.720769640502538 -0.114368585014992  0.562855890652179 -0.0457082917385536 -0.614669779049453 -0.124696709516404 0.777523340759248
0  0.705823064196126 -0.113374538108441  0.561067291398666 -0.0425236571473205 -0.637259692887145 -0.129569385006507 0.758487703837864
0  0.695053798958976 -0.113389092073563  0.557137459538318 -0.0388313528488293 -0.659132656136322 -0.136588024524253 0.738498462562495
0  0.687720158842496 -0.113297308310188  0.553881525697167 -0.0387230496402487 -0.687981963247074 -0.132549466160817 0.712468934546442
0  0.681099924959418 -0.112416746004129  0.551390510929671 -0.0435354800709356 -0.716409385251306 -0.143084802160633 0.68146092631162
0  0.676245427667416 -0.112798899731753  0.548806332254788 -0.0329768426526059 -0.749128741718079 -0.142855141374925 0.645996180146062
0  0.672981624115151 -0.113372645887214  0.547085336968779 -0.0314349226858095 -0.778774044599459 -0.142628973579744 0.610065413697192
0  0.670077262815589 -0.113430098419113  0.544127114781879 -0.0304264333142713 -0.807164374656882 -0.145316113447749 0.571352020748136
0  0.660212018458795 -0.110698604993122  0.533349545614869 -0.0368756366585315 -0.809316025486271 -0.155068519093174 0.565333098888066
0  0.656100163656398 -0.109963672072742  0.524355778965672 -0.037343250921075 -0.790962175428346 -0.152763243736125 0.591310163971094
0  0.648921699448557 -0.106887316340064  0.512804416385616 -0.0359746407847416 -0.775825742700807 -0.164108192604377 0.608168351119387
0  0.640176613600785 -0.105539040279502  0.505682586223857 -0.04687090181612 -0.758855398967992 -0.153237985883314 0.631236660613512
0  0.632096209065385 -0.105517113574655    0.4967875741049 -0.0499572950009401 -0.742362416758371 -0.137917269098793 0.653743938973962
0  0.627696028031503 -0.104866205554567  0.489223409532191 -0.0466955199304251 -0.722348512359526 -0.134959447873499 0.676622570226627
0  0.625437799217919 -0.103968569928643  0.484154594765846 -0.0515021891873342 -0.69281076939003 -0.131021488715949 0.707244039791615
0  0.625655097714937 -0.103074695596455  0.478674345879257 -0.0626960059786173 -0.658963786163893 -0.129964642834081 0.738203990081256
0  0.63605290487953 -0.10190729922613 0.468969142648179 -0.0638847761046368 -0.63849952036485 -0.124494600769674 0.756794683025136
0  0.654545014529946 -0.100311608209865  0.465759778528866 -0.0745670918392478 -0.613644273494587 -0.124003294224613 0.776211077892723
0   0.667936814643764 -0.0994949933916945   0.461205629863524 -0.0852763929238545 -0.583973031371319 -0.122207472967092 0.797977925128187
0   0.677232885107231 -0.0987551545994611   0.456604111982634 -0.0730598315648743 -0.556383365483417 -0.115142995119576 0.819659625881348
0   0.686035068276589 -0.0979544781552964   0.452099283386562 -0.0814425686377641 -0.527085640015274 -0.106650561979582 0.839150459532027
0   0.698759991050006 -0.0986164128733472   0.445650434134601 -0.0855941402808796 -0.500982892928295 -0.0977349873067242 0.855650428854523
0   0.712221532509891 -0.0976426765097407   0.441048055117903 -0.0759054442239338 -0.473802426133379 -0.0913831835146447 0.872581651364513
0   0.724972272237483 -0.0954286864470523   0.437095831479088 -0.0870019869815432 -0.442216206817936 -0.0967323202177871 0.887422300212308
0   0.733404235638987 -0.0952614382395109   0.435063109653824 -0.099913248597893 -0.402354009389489 -0.0909005938620463 0.9054643427095
0   0.740413181522889 -0.0961078269626271   0.432911324217988 -0.0957795287069889 -0.361326861031035 -0.0776190618774656 0.924253462320476
0   0.746070155390395 -0.0959522473882629   0.430372218267451 -0.0904721434375624 -0.319283370853795 -0.0689063087719444 0.940810735998201
0   0.750815710886655 -0.0956814104148572   0.427037323262225 -0.0863822283657379 -0.272566969521716 -0.0598292268059445 0.956381629564328
0   0.755967222056686 -0.0949553822735305   0.423506462790503 -0.0922825134285633 -0.222837771179715 -0.0476732705728352 0.969306207925985
0   0.761109573199395 -0.0945082507766437   0.419842172290109 -0.110229557538821 -0.177613484995517 -0.0369808660639534 0.977207915511179
0    0.76840143521174 -0.0949911396840082   0.416333505509462 -0.102835186446917 -0.134809412693294 -0.029758886563423 0.985071446824149
0   0.777837547839467 -0.0952890154845612   0.413655220320941 -0.0946896910353133 -0.0950032847357428 -0.0160348102801447 0.990833549674382
0   0.787999431124158 -0.0946149221122236   0.412408167893738 -0.0904169345393728 -0.0581954954594298 -0.011413689081671 0.994136705870114
0   0.796704425892728 -0.0942265655348461   0.411648907538432 -0.0956106171563614 -0.0220882797226477 -0.00736404961114132 0.995146465882886
0   0.805396267520547 -0.0939060322155894   0.411251872373355 -0.0952749029433324 0.0107685088562736 -0.00413000307106476 0.995384184704973
0   0.814807653838662 -0.0943396280627097   0.411473905593361 -0.090697048728302 0.0513163771599905 0.00151765865352975 0.994554358242606
0   0.822118506025952 -0.0947375831555182   0.412061067605955 -0.089501822390196 0.0902549857260962 0.0125857272925422 0.991808984033183
0  0.828737116424062 -0.095251409707088  0.413686632725688 -0.0871204811639939 0.127102900054516 0.0242241470733849 0.987759112971403
0  0.838041868872256 -0.095491141723781  0.416410756493613 -0.0858378805623493 0.167998728342292 0.036641034714567 0.981359118830096
0   0.845644479105382 -0.0956303069006207   0.419892750401834 -0.0847789656353716 0.204888976729236 0.0431992255749735 0.974149301242046
0   0.854622304672124 -0.0958120831821089   0.424478624950365 -0.0852599249009216 0.249593155812513 0.0474427239612911 0.963422643350556
0   0.862401201334823 -0.0966197906460629   0.428312160335545 -0.0859443404359583 0.286044622406671 0.0553723356016479 0.952746529140501
0   0.872107189145522 -0.0967560929552922   0.431592004317646 -0.0919552685704783 0.325819743398162 0.0627812107723455 0.938852620472482
0    0.88207162017435 -0.0968563456175711   0.433898151263877 -0.0992879486336507 0.360846263937221 0.0771697140142938 0.924108604168159
0   0.892475609901163 -0.0969361507060947   0.435210978067431 -0.0938360535227424 0.395233509103686 0.0879147063794307 0.909536295451194
0   0.901297550597854 -0.0960735478124573   0.435200001697651 -0.0929403158030438 0.428822414264483 0.0966705596032265 0.89338023127267
0   0.915519621973901 -0.0955100439831113   0.434439555455309 -0.0951552787408729 0.45237231686041 0.10541439717569 0.880450205709657
0   0.927301341629095 -0.0956884805784056   0.432458411784054 -0.0851417166650152 0.474939895838445 0.109728610354721 0.868989421968946
0   0.936100778572782 -0.0960073322925128   0.430217203284605 -0.0827336688968373 0.494104013049953 0.115621353367173 0.857699287025671
0   0.947158662304825 -0.0964200886996783   0.427412587922955 -0.0726447053261336 0.514331841973113 0.11634013733096 0.846552110366773
0   0.957019195566846 -0.0962151624717155   0.424866876379824 -0.0712370416849972 0.538937186523013 0.12481012955697 0.829996641218868
0   0.965333297280649 -0.0950016973667764   0.422030869566365 -0.0748618622757679 0.566481139899751 0.135242586300408 0.809446886809295
0    0.97815396234107 -0.0942750570047811   0.419806137845768 -0.0762349859900179 0.594962808272896 0.146542287173436 0.78659572955433
0   0.987105437922438 -0.0937881454517117   0.417376416890979 -0.0712613345466155 0.622555541826378 0.148822293280089 0.764982577947207
0   0.994635068678512 -0.0931189835844547   0.414236859848571 -0.0635191720684023 0.652843059540786 0.147992408038636 0.740175318118685
0     1.0039663925376 -0.0930926061883889   0.410969228406533 -0.0591965007451017 0.682619240809539 0.149362742028964 0.712893763242275
0    1.01294185872144 -0.0922529490781462   0.406584244816824 -0.0540876696002907 0.7137236622459 0.153277328233098 0.681306919528367
0    1.02228740893057 -0.0915151846630758    0.40242593594793 -0.0580144447606582 0.736498742195202 0.158746122968132 0.654983660396642
0    1.03307444102018 -0.0892495111064324   0.397721359919845 -0.0663991508579221 0.755828436375196 0.164520883720331 0.630275659019016
0    1.04586541869292 -0.0872575136703206   0.391873994404602 -0.075692365313677 0.76749997741002 0.172076118740562 0.612865613220406
0    1.06000362011533 -0.0864560579434767   0.384940088469389 -0.0744840011934929 0.772097142862862 0.174293922692435 0.606580385490411
0       1.07806416102 -0.0859303270801711   0.377037684519844 -0.0749915113563174 0.775541127019071 0.17461266123365 0.602015491547674
0    1.09742863141555 -0.0851766443357292   0.369112794520928 -0.070953684050621 0.778853622817576 0.180217025993153 0.596552120510659
0     1.1132817004388 -0.0851088893300332   0.363241167545876 -0.0629526551318579 0.795233682113384 0.178626699665282 0.5759625475766
0    1.12721643505333 -0.0848044777143072    0.35749164085877 -0.0628653407542312 0.811550608595172 0.188526386509431 0.549446412501125
0    1.14170811396369 -0.0844071481847921   0.350858116048527 -0.0634891918325251 0.823107424886858 0.195540045999615 0.529365072541669
0    1.15819633120634 -0.0831091129934823   0.342415971450385 -0.0602867484740135 0.833210806364444 0.187273363751611 0.516772626350411
0    1.17065551997964 -0.0835082097820619   0.333174347664277 -0.0330342041522714 0.835119755125587 0.166376589078636 0.523261470549442
0    1.19090675753518 -0.0809699422502392   0.320472739637985 -0.0234425131326308 0.837115709367051 0.164857771358296 0.521065881565566
0    1.20472210700588 -0.0780635163221277   0.311612043679996 -0.0397777220120596 0.848735851717555 0.177451368188792 0.496564395389695
0    1.21486874545936 -0.0770470339858031   0.306151345486872 -0.0469919422932741 0.865484619992655 0.163390730173174 0.471202291175618
0    1.22650181883968 -0.0767855763256678   0.299627298521575 -0.046272181343616 0.87897528527531 0.156460424190339 0.448086452340472
0    1.24040800145904 -0.0761743994918784   0.291571337320045 -0.0457957762420381 0.890775547147432 0.147287645612057 0.427466982271893
0    1.25583740144086 -0.0736603530991712   0.282266616268786 -0.0502692045064661 0.889685893626908 0.158334168974133 0.42527909505976
0    1.26702709560384 -0.0721540198556139    0.27597850050464 -0.0488969115647715 0.882399913630751 0.151892266593802 0.442615209649271
0    1.27656231269727 -0.0707896010942733    0.26926043733427 -0.0484463143845939 0.872030675877096 0.157479685071986 0.460885673178841
0    1.28520527185009 -0.0701638848639582   0.262990548499602 -0.0510941328499569 0.862160469495513 0.173564084115572 0.473227453908489
0    1.30079753586258 -0.0701344500252954   0.252873580253909 -0.0589154955629988 0.857692921717733 0.166336887503967 0.482932558721565
0    1.31883999943714 -0.0665110037592939   0.242626111888417 -0.0545644903976043 0.867700596280741 0.160660422582309 0.467232939996069
0   1.33253086894955 -0.066427063166607  0.235454888668684 -0.0581619355613604 0.874807712531345 0.172831037327925 0.448840826890319
0    1.34661392380897 -0.0671828912260819   0.227717725921428 -0.0490400411663902 0.884271630344736 0.163022164832919 0.434836212731931
0    1.36014807593415 -0.0659349249177434    0.21945404172456 -0.0516460163595106 0.885434126391245 0.169260274901533 0.429755809915611
0    1.37534438087441 -0.0641427056968736   0.208081872100694 -0.0457693429329323 0.885364883345159 0.154583828446977 0.436048197530246
0    1.38944749026201 -0.0632974928365929   0.193227467982398 -0.0501586899507347 0.883354221153296 0.164348893582644 0.436072089190813
0    1.40300348149009 -0.0609294592509118    0.17859317940561 -0.0515966758655673 0.891349124567324 0.170164673760093 0.41698741584946
0   1.41083350637235 -0.059667631989153  0.168141598568967 -0.0423553996376658 0.904447464229858 0.178749270458024 0.38500584785226
0    1.41810901836879 -0.0592141237005839    0.15878655980373 -0.030324541169957 0.918929935240621 0.177395817613361 0.350968545905167
0   1.42552500635236 -0.058680266580622  0.149840223712849 -0.027296689050148 0.93158478767098 0.178214352796517 0.315664883387799
0    1.43348914928083 -0.0586447516023741   0.139320702553184 -0.02687842594514 0.944277343101533 0.171700948215299 0.279529307776107
0    1.43966509005534 -0.0567628082314978   0.128966019276546 -0.0268382601924348 0.955129292420606 0.168962397863358 0.241783892470571
0    1.44629141457232 -0.0542561874522827   0.115127261274649 -0.0200102010340569 0.959644770594442 0.177221676721699 0.217425811313345
0    1.45398636434909 -0.0513133795692149  0.0941032715793613 -0.0114943060649696 0.962544405963065 0.173904455628713 0.207685791015601
0    1.46143376418366 -0.0497029790231556  0.0740766735023981 -0.0112263209195413 0.965627743967497 0.172651846251984 0.193980333499651
0    1.47107479560083 -0.0460225787698626  0.0521120427604059 -0.0160391304979853 0.967029047277964 0.1720225421899 0.187098404568466
0    1.48089049629049 -0.0438163721200452  0.0302613790129564 -0.0117676929996899 0.971649936453124 0.167150110524578 0.166789576843781
0    1.48157538242237 -0.0438724924761258  0.0285748308070324 -0.0119531337640564 0.971988039351625 0.166167248375818 0.165785462323483
0    1.49019609376635 -0.0418352406377666 0.00948588947832774 -0.00691635208382443 0.967479627246653 0.176804048174763 0.180764110059342
0     1.49702405822464  -0.0395572074396017 -0.00581542289632053 -0.0125259070238612 0.960930043850902 0.180341426785717 0.209603249647581
0    1.50050710287476 -0.0388063199726973 -0.0169700119699621 -0.0139150966111345 0.954302224205954 0.172360345623169 0.243732530078638
0    1.50427702753305 -0.0375775394730821 -0.0310067107479295 -0.0165949680285122 0.946196050707041 0.163997566013088 0.278464430411343
0    1.50806735835174 -0.0371390332747343 -0.0479033217645606 -0.00969856500506763 0.937442032496655 0.164219391543638 0.306823018996979
0    1.51305200006471 -0.0348420730566279 -0.0643082323738764 -0.00773590551670329 0.931033005346844 0.15810076753047 0.328818865071543
0    1.52021103855635 -0.0338428417467133 -0.0895191061654066 -0.00455298812162627 0.932355463802354 0.142924618198547 0.332061911290442
0    1.52977203218889 -0.0311311595059103  -0.118473421581916 -0.00749133357037406 0.927643654966588 0.149393008726424 0.342202948942925
0    1.53358684898051 -0.0289693792747571  -0.133491795581228 -0.0073213908787991 0.918519996064375 0.129611125896503 0.373454642639961
0    1.53802540922625 -0.0271826810555519  -0.148495821500481 -0.016026137970932 0.902800772244805 0.135714749879662 0.407768850209308
0    1.54420164866647 -0.0257605085113879  -0.164196520446435 -0.0133425174361547 0.892496078531706 0.129362072370986 0.431900661339939
0    1.55507100157028 -0.0225860130607788  -0.186458508437921 -0.00811947050469374 0.883429513028429 0.125534045901593 0.451361909146811
0    1.56814660894846 -0.0210740735794093  -0.206762951781252 -0.00923651522930016 0.872226507262968 0.139476114918593 0.468702485785469
0    1.57835692578001 -0.0187884345915272   -0.22072331218766 -0.0146994548112737 0.853475356457785 0.138381998133928 0.502209283605919
0   1.58557226037952 -0.016546529333589  -0.23007701649378 -0.0158416820602969 0.833576323711904 0.131445669269565 0.536303635720217
0    1.59262951155503 -0.0151153638509121  -0.239721237051904 -0.0213647567897371 0.809115013345521 0.131445801312185 0.57236216127867
0    1.60196640714471 -0.0146066962408632  -0.247178084220418 -0.0308167782481504 0.781929037213521 0.128376530296614 0.60922637287772
0   1.60293009295469 -0.014727914895733 -0.247986422808229 -0.0306687701141408 0.778930613573815 0.127274939655159 0.613292438819346
0    1.60755286720009 -0.0144545195998307  -0.251521779400748 -0.0264969949627319 0.763117939539709 0.117991479075196 0.634844020587941
0    1.61703676259337 -0.0133607849522714  -0.256734870967056 -0.0279974075288171 0.742111935641431 0.107852932789856 0.660949139524987
0    1.63192620084445 -0.0124677849411017  -0.261385397823209 -0.0373672967153058 0.718191033703497 0.0967350250654025 0.688075329574959
0    1.64493428078311 -0.0113526894875083  -0.263792778821963 -0.0401032753240509 0.686751534753769 0.0967280785030253 0.719310597482574
0    1.65460537143667 -0.0103391233090476   -0.26488183040124 -0.0389005327953858 0.653618836258813 0.088054900433196 0.750676694686607
0     1.66212075828582 -0.00945434845993059   -0.264572856753979 -0.0365822325078088 0.622791345743277 0.0788681344772483 0.777542601595631
0   1.67082549247386 -0.010301642890436 -0.264626682875921 -0.0360256634866664 0.586794787919326 0.076565235167758 0.80530229926703
0    1.68193944529078 -0.0103251821308639  -0.264653729083967 -0.0419084074670791 0.553915474964887 0.071972257821894 0.828396840941596
0     1.6975911152298 -0.0104878644050415  -0.263498393045945 -0.0359998929795927 0.5276030659349 0.0693072984101085 0.845893321234211
0    1.72109019443339 -0.0111419606423167  -0.259842730521548 -0.047551769333023 0.522422023937133 0.0770327439913564 0.847867922787441
0    1.73212868174801 -0.0125636935661715  -0.260198829279983 -0.0404451782352409 0.49001694661984 0.0776237608816865 0.867307403017795
0    1.73761359058575 -0.0118484233563993  -0.262390915717498 -0.0395124637341601 0.452409872486 0.0720442211540385 0.888016724327401
0    1.74223546029309 -0.0108759527556932  -0.266154727317264 -0.0470363645746135 0.411600482255636 0.0627634039955559 0.907983137802362
0    1.74477486183044 -0.0105503904397241  -0.270396746844501 -0.0510218175532079 0.371467342762558 0.0582682215044519 0.92521003115898
0     1.74614422620714 -0.00820806171609889   -0.276923523623576 -0.052995890884397 0.335756326295765 0.0483246065253011 0.939214489510206
0     1.74738178123729 -0.00698602440618929   -0.286234667542664 -0.0489832329185507 0.306575303422538 0.044433614805799 0.949546144270786
0     1.74769476395697 -0.00498462435019504   -0.298758363852354 -0.0524674942301005 0.28853427282983 0.0416086844062015 0.95512504565306
0      1.7469876178952 -0.00329575478650314   -0.312005445072464 -0.0542309693614412 0.270045951478233 0.0298254579243935 0.960856195334106
0     1.74775272010084 -0.00328530141064636   -0.326681636511764 -0.0567353175913808 0.251495247072723 0.0312051241170744 0.965690159764753
0     1.74937642505703 -0.00225613393109454   -0.339229949368959 -0.0429628982069525 0.235622657673379 0.0247455948752975 0.970579109657147
0      1.75219658894643 -0.000553899479973492    -0.352052886153061 -0.0348122322703725 0.212302480243375 0.0178437903894259 0.976420690333528
0    1.75452130548071 0.00264755924792014  -0.364513936769634 -0.0505003798645516 0.180534108349542 0.00983559042988324 0.982222178795036
0    1.75502313225069 0.00280865857190959  -0.365796983513888 -0.052928306705623 0.178118113006891 0.00880338630883948 0.982545180924337
0    1.75958484590446 0.00369949249901422  -0.380655103646163 -0.0581550330028109 0.158342465315836 0.00958328048528477 0.985623567367017
0    1.76024993795612 0.00451533071092794   -0.39308537019671 -0.0425748504471566 0.143468769323923 0.0125024338560973 0.988659589285289
0    1.76108222923245 0.00707631376273069   -0.40562616480135 -0.0449692091389688 0.122761639616828 0.00494122928811053 0.991404526074562
0    1.76131853425836 0.00948780435507486  -0.417175641470107 -0.0590572459136072 0.0936950620777461 -0.00124500442696831 0.993847034010428
0    1.7626728623322 0.0101950792986865 -0.427367784782484 -0.0608150566925931 0.0567828313957497 -0.014805336761728 0.996422621652846
0    1.7650874099343 0.0106011173496225 -0.436258328288085 -0.0468338856343585 0.0212757940482648 -0.0195298492287555 0.998485108919059
0   1.76866431636219 0.0114625311911796  -0.44549356982778 -0.0423304852340943 -0.019658594374362 -0.0211362079389154 0.998686602694275
0   1.77329141115683 0.0125715577784765 -0.454196543245844 -0.0390902851919457 -0.0641984466748955 -0.0238086120478967 0.996886984086208
0   1.77547942901938 0.0145924090917247 -0.460494858970693 -0.0413049267154611 -0.103887266155399 -0.0337489588901827 0.993157765278818
0   1.77983903121242 0.0158338292664892  -0.46947109950407 -0.0629171262745996 -0.14243414158085 -0.0435021653586222 0.986844218781558
0   1.78621862661072  0.014922867508628 -0.480331886545195 -0.0517230403437921 -0.177972793216276 -0.0334819129400181 0.982104563413829
0   1.80082619979917 0.0194843119503605 -0.499451843170079 -0.0464099986762442 -0.178392113023593 -0.0372745653566903 0.982157305532733
0   1.81327070953366 0.0210877639561712 -0.513394402820049 -0.0662620712145523 -0.161617570570632 -0.0462404426572145 0.983539994237179
0   1.82794438151066 0.0235321244039717 -0.530461585976417 -0.0602760793844755 -0.186579788768174 -0.0452981979419695 0.979542163431708
0   1.83596884574896  0.026680135092156 -0.541847020358922 -0.0874574677356976 -0.211996034736863 -0.0528535232180927 0.971913256251061
0   1.83886958636895 0.0270518758754733 -0.557414468159395 -0.0761075472379607 -0.245253001356381 -0.0639188164978489 0.964351072730581
0   1.83884802709565 0.0282041778954258 -0.571412316826462 -0.0682098416334523 -0.280721435430469 -0.0717060269684258 0.954673315271041
0   1.83499168481102 0.0300736603829189  -0.58319472281162 -0.0704952499901506 -0.317970797164411 -0.0747809701592018 0.942514083916789
0   1.83143888743876  0.031028313451089 -0.595646228700785 -0.0649271135671204 -0.352540225205928 -0.0770721224182885 0.930354635330816
0   1.82721413812053 0.0316198768166145 -0.606376100769134 -0.059889605975034 -0.38841753560019 -0.0835703523347775 0.915729790574202
0   1.82096607773224 0.0320494444343394 -0.614794463637264 -0.0482793736601547 -0.42130206326546 -0.0932204600959315 0.900823855915657
0   1.81350678715212 0.0326334974231999 -0.622634950976775 -0.0472629439089053 -0.454268945427252 -0.0888118438622482 0.885165744786401
0   1.80606899054684 0.0339918586328781 -0.630368703144881 -0.0588639462533299 -0.482218298205502 -0.0919535964356387 0.86922096431795
0   1.79955899448444 0.0356183267230799  -0.63741204052202 -0.0570206831245796 -0.507241436856086 -0.104541156307227 0.853537294481107
0    1.7893924619056 0.0372942530728402   -0.6494739298013 -0.0589305921810874 -0.525794282618358 -0.10488872027587 0.842060516845389
0   1.77794425360875 0.0395861297019819 -0.662367428077688 -0.054861501986168 -0.515233260594374 -0.110612520032483 0.848109529005054
0   1.76435516558455 0.0397034104272813 -0.676915986247117 -0.0674001388661921 -0.506022057536515 -0.0961551316847004 0.854489958523813
0   1.76329158789562 0.0400117067729724 -0.677508920590118 -0.0665350070100093 -0.505149972843602 -0.0969211938432031 0.854987064207579
0   1.74926959866103 0.0402996565208008 -0.685855779393581 -0.0509505600468561 -0.503905202387762 -0.0835199189157453 0.858200448952206
0    1.7369744179014 0.0417518492553423  -0.69027383852834 -0.062888546210009 -0.478440041234337 -0.0818435687594315 0.872033134664043
0   1.72821511890871 0.0428365738710734 -0.693814113469004 -0.0652882000560341 -0.446862746747099 -0.0800418485804727 0.888619400519087
0   1.72306463290904 0.0434250441286571 -0.696213169674412 -0.0665658274954862 -0.409865892923879 -0.0655121191106623 0.907351697346284
0   1.71928740686654 0.0443845848484262 -0.697301629639129 -0.0822787220157305 -0.365392253527075 -0.0570473266474454 0.9254535728432
0   1.71261959143801 0.0446738788341535 -0.695675333812152 -0.0873684746123005 -0.321600412280025 -0.0518196291578192 0.941410989153613
0   1.70231518749505 0.0445498505802662 -0.688215120173118 -0.0898698070861585 -0.286874907173742 -0.0484833411660037 0.952510142223029
0   1.68950450662115  0.043318140975913 -0.674343006704265 -0.0893436708940751 -0.269574217885413 -0.0354577892817869 0.958170232631909
0   1.67996151427749  0.041815763178846 -0.662367569620826 -0.0878880992397853 -0.250825068741036 -0.0302009656854843 0.96356129466409
0   1.66841532479664 0.0400932529361554 -0.649102201893365 -0.078842522713935 -0.220758543874905 -0.0294665898800133 0.971689889830689
0   1.66796088959417 0.0396575784269494 -0.648179591144795 -0.0768823145106937 -0.218270890321253 -0.0279337495808795 0.97245392373531
0   1.66181143609569 0.0378515917540859 -0.638484160836991 -0.0863870804407024 -0.195125005324107 -0.013413800893809 0.976874390377688
0   1.65510786613936 0.0353165725385805 -0.623218413959761 -0.0826649828224014 -0.164588967611576 -0.000938282555514534 0.982891699009293
0   1.65076814370169 0.0326950145670015  -0.60365304452867 -0.0680713523641629 -0.142454314815701 0.0016330100395755 0.987456526868861
0   1.64497833812937 0.0295264778774244 -0.576470633705974 -0.0740246438949175 -0.13058418238101 0.00399259978669563 0.988661814047178
0   1.63966674807413 0.0274786992003438 -0.556052730622637 -0.0628447776904008 -0.105289422811423 -0.0027843356235802 0.992449957849874
0    1.6353587233129 0.0251808413001347 -0.539830000756784 -0.0495418607931506 -0.0695317412985699 0.0010080295394056 0.996348294953923
0    1.6320568959176 0.0227424439874023 -0.522901892632895 -0.0607413507995168 -0.0363895529797882 0.00867296247587763 0.997452288813291
0   1.62863932477969 0.0205476427916318 -0.500405264017859 -0.0618834767716658 -0.0195264036893166 0.00665785721408554 0.997870145759923
0   1.62771684465406 0.0178032548059136 -0.479198966230252 -0.0537527127469203 -0.0329166596440393 0.00802079659028099 0.997979361616403
0   1.62560841692925 0.0160451911173108 -0.462076048469954 -0.0671888885719226 -0.0496189984123569 -7.32293679002424e-06 0.996505699028058
0   1.62240156430442 0.0138070040714622 -0.441303936698237 -0.0595790844715086 -0.0544164714104296 -0.00940101523406112 0.996694938908262
0   1.61991968350535  0.012234837002331 -0.424542345766886 -0.0497774221029157 -0.0364001105570162 -0.00834199270314295 0.998061947655538
0    1.61809210584068 0.00946469033261633  -0.405082772744699 -0.0641864824001272 -0.0176457747271292 0.00543418567312349 0.997767102954115
0    1.61828167881234 0.00672450054205385   -0.37921020812071 -0.0631540455544819 -0.0119879740810558 0.00248577300313576 0.997928692813325
0    1.61917054287932 0.00372874173113274  -0.356426583985071 -0.0657181329504374 -0.036075210887407 0.00321405505984478 0.997180713818218
0    1.61833520212918 0.00253331544994017  -0.331745219084903 -0.0756136782532656 -0.0530616414828916 0.0015174325626907 0.995723220208593
0     1.61634353167212 0.000141748188875631   -0.308349505704954 -0.0676863468600031 -0.0369230899661781 -0.00418962505226112 0.997014388521058
0     1.61516893824018 -0.00371832056064161    -0.28674075704885 -0.0737141911881368 -0.0163301307333821 0.00516457440001923 0.99713232422732
0      1.6151503281234 -0.00660680047178031   -0.259571254508049 -0.0789842306926776 -0.0100734640882871 0.0072785450174299 0.996798394564105
0     1.61546597346314 -0.00881246031500175   -0.238875467086721 -0.0643936346792176 -0.0309705679157282 0.00350260370462703 0.997437725125266
0     1.6158858247947 -0.0111721498674911  -0.220655041380096 -0.0802173709207762 -0.0579041307024431 0.00542010767988978 0.995079347330097
0    1.61482282543167 -0.0146804351522306  -0.194379228884973 -0.0928654215157809 -0.063828647747988 -0.00115877225860357 0.993629998772286
0    1.61322608160308 -0.0187442256069595  -0.171593936897908 -0.0856317075250184 -0.0527288729096439 -0.00341359984190377 0.994924732813567
0    1.61168251884466 -0.0229581941736447   -0.14860823129212 -0.0837949727313155 -0.0459989726325896 0.000493402285108336 0.99542064154602
0    1.61265135513392 -0.0254889927009395  -0.123244262543303 -0.0858782522244409 -0.0518563591740126 0.000823355663041598 0.994954856208835
0    1.61329537170291 -0.0276599758505158  -0.102513567154589 -0.0803794966009318 -0.0768672105721041 -0.0010826252184813 0.993795449973324
0    1.61237469359261 -0.0298786868339033 -0.0820142497492252 -0.0850132463039195 -0.101350236037393 -0.0133703128481879 0.991121643564692
0    1.61046738515508 -0.0322857767928339 -0.0602601140528206 -0.0967807201075285 -0.115767002230837 -0.016391904038633 0.988414285050526
0     1.6067771931075 -0.0347478622878102 -0.0368494507008288 -0.0804991640886149 -0.109318391368275 -0.0254378744973274 0.99041521011682
0    1.60286536401148 -0.0381025736427805 -0.0133347065250051 -0.0700610832428587 -0.098453371973826 -0.0239385116794331 0.992383658581899
0     1.6010118738666 -0.0407710439342008  0.0129374272478696 -0.0795165001142889 -0.102525202150904 -0.016388439853864 0.991411684504801
0   1.59900431390825 -0.043211314754415 0.0390391229098021 -0.0730621157492459 -0.113140717123992 -0.0178828701443013 0.990727666074949
0     1.5959478575979 -0.0464835700221877  0.0643246984345894 -0.0768108316508165 -0.124059546033043 -0.023509698515327 0.989018007548348
0    1.59156306837914 -0.0497299957241599  0.0959800138745388 -0.0721549777821344 -0.107364769743206 -0.0207018750593037 0.991381812304562
0    1.59125138891815 -0.0499635450879669  0.0984142290624202 -0.0691656639533216 -0.105192554042475 -0.0208080830938843 0.991825418701233
0    1.58801447252567 -0.0530494835772945   0.118826354292285 -0.0717044313447231 -0.0851327640348362 -0.0173452497274972 0.993634756500199
0    1.58546662675969 -0.0567234689423059   0.143332843186517 -0.0791796828876465 -0.0767384118701334 -0.00654656916994703 0.993880745559328
0     1.5827462768767 -0.0587783663704694   0.172276731947547 -0.0831835805411587 -0.0815603795288479 -0.0115778286870388 0.993123532246798
0    1.58055565194039 -0.0611311099853377   0.193426479699037 -0.0876691633972536 -0.0985511578773256 -0.00971818547855986 0.991215084601354
0      1.577056073989 -0.0641627171879174   0.214869492092311 -0.0903491417379707 -0.109501086579702 -0.0134882657710944 0.989780082296853
0     1.5730216706259 -0.0666134655593731   0.236857528460405 -0.0771659251263001 -0.104329747462461 -0.0178467366858728 0.991383991086948
0    1.56906800070625 -0.0696835230268199   0.256630263281055 -0.0749716092728098 -0.0925329236880784 -0.0173208699106511 0.992732040030098
0    1.56703647169282 -0.0722272556728811   0.276963585717051 -0.083548791051333 -0.0857278565677809 -0.00758757986460133 0.992780319483597
0    1.56375337614735 -0.0738047253503743   0.299681833104993 -0.0915209341371574 -0.0895319196506242 -0.00550066207223475 0.991754857157304
0    1.56214573290708 -0.0760210927628969   0.316904337048886 -0.0797065317323029 -0.107023071930515 -0.00653651684111907 0.991034916045519
0    1.56031335829479 -0.0775523078724775   0.333853784807244 -0.0772226781488564 -0.124534762110309 -0.0140307789744785 0.989106105656525
0    1.55794411861333 -0.0799411532880416   0.351464886530137 -0.0894723708796184 -0.135709709483603 -0.0172176196868702 0.986550111840942
0    1.55524018796222 -0.0821575929476079    0.37208413563969 -0.0784798891366339 -0.137689794454341 -0.0193246233107028 0.987172217213452
0    1.55207743313796 -0.0835521935326133   0.390372833489998 -0.0618412663740358 -0.127540859531452 -0.0290249305797914 0.989477913006689
0    1.54843473194202 -0.0866966464233142   0.411397406634377 -0.0730139443787527 -0.120025669932114 -0.0312290540485256 0.989589585973315
0     1.5457108709787 -0.0895414256737301   0.434847326772756 -0.0757161033255353 -0.121896657969042 -0.0259935295530171 0.989309159411026
0    1.54356794423609 -0.0911814737811707   0.455708253844555 -0.0688970023131898 -0.133089249872633 -0.0277093970631726 0.98831808844875
0    1.54065940380743 -0.0929315002012078   0.472966623211109 -0.071207478999485 -0.152608284616843 -0.0285683576411483 0.985304042081697
0    1.53710331524574 -0.0950422144136887   0.491403178041293 -0.0912619696928873 -0.167072774633917 -0.0349660663207648 0.981088841578555
0    1.53104542095146 -0.0980025993912198   0.517227351733365 -0.0813934166965487 -0.168980161029992 -0.0387746396000645 0.981487312307513
0   1.52532194267971 -0.100273644011317  0.538042518635602 -0.0713833465394817 -0.157914151316993 -0.0402966206153159 0.984044572678313
0   1.51953979195719 -0.104469143327947  0.561543865097654 -0.0828374113454208 -0.151198733410952 -0.0357883874792329 0.984375994027765
0   1.51333559619789 -0.106998856690889  0.586784611644297 -0.0792474196218428 -0.155977584970219 -0.0315040750357065 0.9840723208821
0   1.50749482068815 -0.109304733972847  0.608549713682185 -0.0694421215391664 -0.178271212042355 -0.02512364143708 0.981206384688782
0   1.50149663627884 -0.110975477093883  0.626037430151507 -0.0838078499002363 -0.19963547208765 -0.0395777296008285 0.975477076050014
0   1.49389308416654 -0.113453768538922  0.645671363719508 -0.0784745818481552 -0.214368067691009 -0.0459921413775704 0.972508506127163
0   1.48548893161233 -0.115832764134595  0.665890024777632 -0.0636310237261082 -0.211500472710006 -0.0471324485737235 0.974164860357043
0   1.47654691440527 -0.117843603178656   0.68299178350993 -0.06431739725766 -0.206243152786943 -0.0524416544191307 0.974975336724107
0   1.46875610925813 -0.120583098873544  0.700739205842671 -0.0843795896800226 -0.207687025508716 -0.0518676624834083 0.973167986459316
0  1.46143018184583    -0.12215404068 0.717827309813606 -0.0774535683850086 -0.216553491893428 -0.0439589846392563 0.97220015303572
0   1.45289571154438 -0.124481675396555  0.736821189317668 -0.0599714240616764 -0.232931347544231 -0.0431678816543627 0.96968188062927
0   1.44517480475173 -0.126424730492511  0.753678102897391 -0.0677844295629137 -0.252916505131372 -0.0438048600823413 0.964115992385838
0   1.43597730975087 -0.128531946513892  0.771065585329263 -0.0764739146164135 -0.263861168619019 -0.0547464375840946 0.959964505411579
0   1.4264728016228 -0.12967966768856 0.792085800096112 -0.0712183944789476 -0.260825699106102 -0.0516028976326621 0.961371434945707
0   1.41801496956947 -0.131426841893182  0.807759602809462 -0.0642806523954581 -0.249689456603525 -0.0502583377769099 0.964881999247863
0   1.40788607087417 -0.134177356875816  0.825870173810985 -0.0756993574695709 -0.242416803090356 -0.0490621303664334 0.965969258424953
0   1.39827143408732 -0.136939517020827  0.843477918833932 -0.0773572150701782 -0.24825231395807 -0.0509738217220194 0.964255318569777
0   1.38871824993092 -0.137825673563827  0.860535686893984 -0.0750573567439954 -0.264689558471431 -0.0527751090632839 0.959958654681629
0   1.38095745330529 -0.139309286999128  0.874551215610758 -0.0688267605304384 -0.288314662297608 -0.0492229613164347 0.953789616539383
0   1.37202364412681 -0.140195586478605  0.888315414165657 -0.0857022536613449 -0.311850261591451 -0.0565172889400841 0.94456886149903
0   1.36097379921968 -0.143831329370959  0.903541654615351 -0.0895551878481189 -0.330048803379804 -0.0690834290479968 0.937163345179493
0    1.3492043608274 -0.145185349916543  0.920096915220247 -0.0740166646404569 -0.336324332718076 -0.0699985948586483 0.936219885120508
0   1.33734682567018 -0.146212317804779  0.939098719241369 -0.07035677480787 -0.318913852611472 -0.0655985324209761 0.942889554187211
0   1.32767262120442 -0.148320139862299  0.954174414271177 -0.0940221246674312 -0.306676161375571 -0.0700812416667465 0.944562433978514
0  1.31512317240622 -0.15243992532495 0.976476923738727 -0.094462593127098 -0.301484372091914 -0.0671051463838683 0.946404190191933
0   1.30664981913296 -0.155059357114827  0.993992489818638 -0.0700496054255775 -0.306679386958845 -0.0559687492535854 0.94758023697271
0   1.29262929676933 -0.158091199998745   1.02135371934153 -0.0802027124193764 -0.309894358544949 -0.0733889847635572 0.944535371692328
0    1.2837661663081 -0.160490495404051   1.04336926663118 -0.0664162773654237 -0.292051898115432 -0.0560922858710207 0.952443290896553
0   1.27838104739505 -0.161386101607735   1.05756390094462 -0.0633999456214907 -0.26421253170401 -0.0492398533442173 0.961117902147489
0  1.27245830140624 -0.16281249339276   1.0742212337276 -0.0796782340234951 -0.234406518154121 -0.0488335280575712 0.967636424390488
0    1.2672736657632 -0.165584889798935   1.09335077730015 -0.094744060559009 -0.206364953563581 -0.0426042507649682 0.972944986495253
0   1.26289467489672 -0.166904448169011   1.11411333322162 -0.0843122966500201 -0.188747877537561 -0.036853371281029 0.977705223666053
0   1.25834089873939 -0.169820656904019   1.14075242361968 -0.0768562326142769 -0.190451126176105 -0.0311027014870295 0.978189199494046
0   1.25389404516967 -0.174349011442212   1.16491014883126 -0.0847359160012327 -0.193261897932366 -0.0341497716930488 0.976884566589279
0   1.25057097633243 -0.176300383689017   1.18538082558298 -0.0667225693994881 -0.185764697767271 -0.0339630759797513 0.979737763519483
0   1.24702720443949 -0.178392775407119   1.20416900393523 -0.047625962781021 -0.17536261808012 -0.0365600799096314 0.982671400014404
0   1.24313505984518 -0.180617861743453   1.22136407820752 -0.0653597797126191 -0.166469517881356 -0.0394224461751133 0.983087925645431
0   1.23907699839905 -0.183168145930691   1.23774611691778 -0.0761722486168533 -0.169637292506256 -0.0365849878604442 0.981877037207333
0     1.234173644437 -0.184941798778735   1.25567489585481 -0.0694699779855643 -0.186979380950082 -0.0331974177398544 0.979341903889349
0   1.23029975636399 -0.186393726312955    1.2713362559378 -0.0622625995061942 -0.204156735733718 -0.0371942725801182 0.976247910135802
0   1.22590047956378 -0.187672397367654   1.28541687450761 -0.0595605964552681 -0.223194340055081 -0.0403633549520424 0.972115024826942
0   1.22094570782964 -0.189767769656589   1.30025122235363 -0.0767184703007034 -0.242343439057358 -0.0470823919315073 0.966005787886688
0   1.21555119435131 -0.191346078411475   1.31539997310691 -0.072510100074593 -0.253099651430916 -0.0506248974570345 0.963389833655196
0   1.2087412833815 -0.19262706432487  1.33228690842183 -0.0594305743996417 -0.257081409699694 -0.0537110454459065 0.963064005770361
0   1.1989803945502 -0.19437352387788  1.35416479624907 -0.0647545174209577 -0.253304683722003 -0.0625384972816839 0.963188728150316
0   1.19173316595054 -0.197537780549584       1.3714352832 -0.0809975049589672 -0.261041130391077 -0.0604953457116167 0.960019398544531
0   1.18380375759978 -0.200188870632467   1.38976847179961 -0.0696934852067332 -0.277306571454084 -0.055559671154216 0.956638388571855
0   1.17543984252767 -0.201932295809517   1.40688925088427 -0.0579343822292085 -0.301295154670912 -0.0531987239220829 0.950281396692902
0   1.16730918999194 -0.204065311363577   1.42098944501306 -0.071169413688968 -0.330222871969363 -0.0587789396713224 0.939378946769933
0   1.15909881283716 -0.206256238270019   1.43305463301248 -0.0741894664571272 -0.35544897681184 -0.066876563682054 0.929343571119047
0   1.14737753362164 -0.207160827707778   1.44761900157208 -0.0622694574223301 -0.375501671784863 -0.0689321082991742 0.922154744934131
0   1.13079817365974 -0.207614035693923   1.46481976033285 -0.0536215803783396 -0.3798081220114 -0.0742540443190694 0.920519882172115
0   1.11821017157729 -0.209436522363535   1.47880426207766 -0.0759762531009766 -0.385770680988062 -0.0799863886628849 0.915975309865617
0   1.10559876291792 -0.211267891366634   1.49241918769933 -0.0777782579129096 -0.40699068135151 -0.0821122476608994 0.906403170048043
0   1.09639233579372 -0.211421650412998   1.50235284436065 -0.0698595016858817 -0.425529618840494 -0.0828774457676858 0.898429475527539
0   1.08400468134411 -0.212390486885132   1.51640213083814 -0.0597010387704683 -0.427594110117665 -0.074695663207995 0.898899116063826
0   1.0749461433702 -0.21322090566923  1.52757132173128 -0.08020429685634 -0.406226417354919 -0.071580544047094 0.907426908529105
0   1.06599538267938 -0.214251503119223   1.53954830756067 -0.103374587612602 -0.381727364393765 -0.0547855062617607 0.916840478061782
0   1.05865222502628 -0.214347539226936   1.55053826120712 -0.115640373564538 -0.342825930440358 -0.0475285987445996 0.931041737904876
0   1.05419515613553 -0.214551685349846   1.55782462367689 -0.110700195160844 -0.30635807075025 -0.0431853043272293 0.944470872376539
0   1.05059143058337 -0.215215620286944   1.56392599906016 -0.0999364795112483 -0.265930236476338 -0.034772016058823 0.958167373839113
0   1.04726651161541 -0.215952976302803   1.57129554681083 -0.110450997350126 -0.225175911275376 -0.0269342788520042 0.967662612064964
0    1.0443106000018 -0.216487734502617   1.58007456138522 -0.120484682358901 -0.18835237501607 -0.0173743152654984 0.974528069021994
0   1.04007318681748 -0.217275153566265   1.59108647786118 -0.121817971508888 -0.159522465154082 -0.0116025360267625 0.979580699118951
0   1.03253843221494 -0.219271410016508   1.60106520572807 -0.111512294572995 -0.164330126126859 -0.0132704391776499 0.979992098565202
0   1.02589476556904 -0.220263767912722   1.60560761070718 -0.11450145999121 -0.191045370160295 -0.0208825872684238 0.974656349565925
0   1.01983118946265 -0.220713938255405   1.60798129505178 -0.11627153832676 -0.21020711221919 -0.0316229434544492 0.970203014216548
0   1.01310969427646 -0.220913692293248    1.6088671798559 -0.109689904789343 -0.237700861634079 -0.0379352916341866 0.964379250510063
0   1.00635892543921 -0.220614865249453   1.60901550601743 -0.111386251291593 -0.266104303902935 -0.0450003293666 0.956429073598476
0 1.00033580713079 -0.2201780906672 1.60868164102012 -0.110937317801079 -0.29011478617191 -0.0524515083757272 0.949091756171467
0  0.995596322539817 -0.219967908747966   1.60797681135554 -0.107110631674443 -0.309477817848684 -0.0587390046472164 0.943027317830705
0   0.99087298155064 -0.219578615371397   1.60667686842897 -0.100763858686576 -0.329590347285 -0.0664231584326064 0.936378562218819
0  0.986160133154765 -0.219298756085574   1.60520612101763 -0.0985908901862793 -0.350306903809525 -0.0737513007353939 0.928507218687878
0  0.981231407462303 -0.219225594232886   1.60341844485814 -0.0969443291658039 -0.370898501055273 -0.0784070465229408 0.920265414982598
0  0.977115031029216 -0.219241321155188   1.60245769537211 -0.0952486071880805 -0.392561117008564 -0.0799886403167155 0.911276736047839
0  0.972850251782086 -0.219114229900502   1.60091832247532 -0.0982508510736355 -0.415872145475947 -0.0822904588379264 0.900347382550082
0  0.968437059185361 -0.219042791677811   1.59999208963292 -0.104053591760122 -0.436875981302681 -0.0855787252006425 0.889375347530878
0  0.963975528943656 -0.218983898166739    1.5991091373294 -0.108173876097151 -0.456231060600847 -0.0877564570340236 0.878891595204995
0  0.958051162170274 -0.218667668297461   1.59800023642964 -0.113327572306112 -0.481721368515256 -0.0935350466440842 0.863916998050322
0  0.952270843127478 -0.218416097964202   1.59683798101677 -0.112589324002524 -0.506759237520774 -0.101320283423778 0.848677158567935
0  0.946738208352935 -0.218156246263343   1.59572526768894 -0.106269524701397 -0.531137338120331 -0.108021629171911 0.833625361781439
0  0.939443340314319 -0.217967470135418   1.59506804140362 -0.100359041899756 -0.559525029039908 -0.113922443326983 0.814789225194629
0  0.929480630617574 -0.218236168299615   1.59468477378637 -0.0877561985996487 -0.59742634071433 -0.111712564333742 0.789240723732629
0  0.916880495809234 -0.218614840476303   1.59468719789048 -0.08717698526383 -0.626050914091821 -0.122062033582367 0.765219763311719
0   0.90001460387625 -0.217428710563566   1.59398604014124 -0.0912642764541841 -0.655462540392455 -0.132029725458775 0.73797550201944
0  0.873061307825359 -0.217429047567435   1.59295955739143 -0.0730312624817318 -0.670432897088842 -0.127401968803075 0.727292859545924
0  0.850416663339318 -0.217292594965262    1.5888327776534 -0.081680299063613 -0.684028397711819 -0.140479769736458 0.711125104439066
0  0.827781596955404 -0.217792281018084   1.58611217133455 -0.079262361014486 -0.707689403470616 -0.133683472685315 0.689218336576014
0  0.814379911879928 -0.217603045134352   1.58427727741179 -0.0643414708064746 -0.731627771520961 -0.129506224869703 0.66619000052067
0  0.800559388277203 -0.217187195531786   1.58262381761254 -0.0723764402781999 -0.751428097815434 -0.144511109603713 0.639714001650143
0  0.780408977699785 -0.216573196753389   1.57990426755335 -0.0579630733156708 -0.770400154063142 -0.162545016641493 0.613761356160769
0  0.755097263005999 -0.214726141475539   1.57254821225376 -0.0427961739491149 -0.78443012862697 -0.167928120268595 0.595514909318523
0  0.739044756575358 -0.213332714336528   1.56520010273327 -0.0382898306445768 -0.807247912348013 -0.175206456699759 0.562305428045737
0  0.730105222403629 -0.211623788752935     1.560698363866 -0.0450296286198739 -0.82892214769648 -0.188950672144043 0.524555096344441
0  0.723164766445412 -0.210132468902967   1.55606062622306 -0.0449781388571137 -0.850371537413504 -0.201047460577559 0.48417469365639
0  0.717297193492196 -0.209842909718781   1.55270586474845 -0.0412701603050058 -0.87294203091544 -0.201301693405329 0.44243260815832
0   0.71043149446121 -0.210827014692725   1.54865961760506 -0.0353693364774825 -0.892350630115115 -0.199934961755264 0.403094745733831
0  0.700128092835695 -0.210672930199874   1.54231790717183 -0.0353558588705333 -0.909016822131854 -0.189877684354597 0.369303188869211
0  0.675976944223482 -0.207209354965436   1.51881803158899 -0.0284157341212741 -0.915979637496497 -0.196195611692442 0.348828226637071
0   0.65794856470011 -0.206059373665667    1.5007088040242 -0.038450309350606 -0.926051464386721 -0.191802107643654 0.322741708679719
0  0.646293825929453 -0.205306982870164   1.49219688511232 -0.03700296530609 -0.940292855272889 -0.187012267475025 0.281969038539986
0  0.635060238664089 -0.205322996201647    1.4868316784134 -0.0329989886488526 -0.952316977405353 -0.18205909446548 0.24260652797502
0  0.610941271953109 -0.204036663159286    1.4750067965303 -0.0268314821640853 -0.959224280222663 -0.174747872831344 0.220526716606204
0  0.574600431071958 -0.200736913051292   1.45683719474659 -0.0264667755587828 -0.957385660005543 -0.178911974738295 0.225172629559001
0  0.549861385615248 -0.198106851966862   1.45194354463562 -0.029636209365783 -0.961698360257707 -0.188216169381248 0.197059971976845
0 0.530209950827244 -0.19776343330847   1.4504831421419 -0.024707462852623 -0.964531873997881 -0.199181849591278 0.171447939955308
0  0.505180608146586 -0.198192976125922     1.447591103916 -0.0298779168321714 -0.967378564208891 -0.190925735159373 0.163808996238814
0  0.483010387536044 -0.196720324918735   1.44347756725034 -0.0203111782601559 -0.968610615294118 -0.187080467018098 0.162424846736962
0  0.462437061990995 -0.197472529592542   1.44080091381234 -0.0270971441597181 -0.970085767731471 -0.185812294365167 0.153860778907371
0  0.451215261764644 -0.196082887846854   1.44011766929299 -0.0277540040730464 -0.97365871669167 -0.19114501935254 0.121169304054122
0  0.443449678780476 -0.195029545040139   1.44009322149379 -0.027386599663757 -0.975342752624893 -0.202855385897807 0.0824995846850478
0  0.435629429217231 -0.194619536291733   1.44019936472885 -0.0226924017902819 -0.975230299052026 -0.214003168053314 0.0511230160987241
0  0.426591672759353 -0.194339272072849   1.43997476200955 -0.014264379962468 -0.976703410762711 -0.213443815078415 0.0169915471204045
0  0.414632320649536 -0.194011788672573   1.43785430272929 -0.0104541161508991 -0.979208194821793 -0.20249827521558 -0.00603913769214311
0  0.400349883127777 -0.192803251331887   1.43228308387286 -0.0119801586649501 -0.98029269071717 -0.196480678583416 -0.0166751092426689
0  0.386160624938913 -0.191996593078965   1.42508081234183 -0.00537749926621511 -0.981152078051989 -0.192429189393049 -0.0168133668680423
0  0.373150215251741 -0.191462681393476   1.41805983581148 -0.0120523835535874 -0.980340754603923 -0.196552004145199 -0.0124118725337745
0  0.359979008030118 -0.190153205876523   1.41087919469563 -0.0252744439650416 -0.977810634809231 -0.207203687889508 -0.0177255933952513
0  0.349413436937256 -0.188273023535527   1.40544917942078 -0.0200732462336224 -0.977273837958574 -0.20809109766269 -0.0350856879781446
0  0.340809185403924 -0.187046429492127   1.40068220039372 -0.00847757198240598 -0.975651334468887 -0.21186907568473 -0.0560722666820322
0  0.331578032270882 -0.186367806123896   1.39446698346764 -0.00618178113700783 -0.97334473684401 -0.216014250224329 -0.0768091956738329
0  0.322734766504658 -0.185566129241832   1.38696816418308 -0.00725590579427441 -0.973899577081812 -0.20847020502326 -0.0894826195891262
0  0.314805199504092 -0.184205912540583   1.37861284504394 -0.00397360260769397 -0.975557710961202 -0.197265306588592 -0.0967355254441958
0 0.307492927538254 -0.18297440503291   1.3695270730052 0.00153062401856912 -0.97558641816195 -0.195802838395426 -0.0994487122307053
0  0.300704884080773 -0.182153546509831   1.35965158370529 0.00563764847160848 -0.974816745108758 -0.200068799943368 -0.0983514395649502
0  0.295172028275411 -0.181953116609588   1.35243524621482 -0.00496020435991361 -0.974307108839039 -0.202656643995871 -0.0981393839533975
0 0.288965283396371 -0.18052195646581  1.34490025061964 -0.0107230538741199 -0.9747835648554 -0.199550617880618 -0.0993054314067246
0  0.283811252701781 -0.178840402459254   1.33843008463111 -0.0133757101884393 -0.973606310153156 -0.203643748902889 -0.102181538154839
0  0.279373231993199 -0.177245526704399   1.33280506570634 -0.015293548028066 -0.972031421282117 -0.209223308542201 -0.105577604593195
0  0.274106820146381 -0.176206550844605   1.32677676444325 -0.0142498576599258 -0.971141997748747 -0.208659799666282 -0.114635290240276
0  0.269055735775507 -0.175779453988682   1.32071648386473 -0.0139407904561061 -0.970866447427707 -0.207771548646797 -0.118553697510767
0 0.264290697919744 -0.17532815281614  1.31526596198259 -0.0161262934736795 -0.970423256909747 -0.203274928062803 -0.129220542981921
0  0.260116418781967 -0.174188114349136   1.30926193853684 -0.0177856146332371 -0.968173097471203 -0.211160612159202 -0.133175527472901
0  0.255627641683561 -0.172246131391384   1.30054312261229 -0.0177992446428228 -0.96664371869507 -0.216657108803581 -0.135435612755231
0  0.252121377871286 -0.170171869586666     1.292308214499 -0.0140950836035291 -0.96953683769929 -0.209104498564878 -0.126787056288097
0  0.248902221768747 -0.167646269466414   1.28232255029855 -0.00597172282027713 -0.970240440204481 -0.213050362601386 -0.114923321017929
0  0.243729998102917 -0.165966341199367    1.2710108232479 -0.0195345602204975 -0.968744593641325 -0.223089745780622 -0.106692448538932
0  0.236183921377708 -0.160801118828826   1.26072955786352 -0.0193193266503859 -0.962983856074427 -0.244555202167008 -0.111721124461115
0  0.229009670699645 -0.155422409229205   1.25205226681817 -0.0218801747214993 -0.962560881613107 -0.230249704631706 -0.14136081727044
0   0.22119598837678 -0.151342372765076   1.24691152991189 -0.0198154904289016 -0.963550296789229 -0.209431243349631 -0.165277724468481
0  0.213476765285737 -0.148713567463073   1.24274019672839 -0.0206220251814702 -0.962057845442072 -0.185594290037659 -0.198932635849906
0   0.20083418359935 -0.144342488998137   1.23159246439764 -0.0296385670888803 -0.959413256648541 -0.194674944119337 -0.20186486677996
0  0.193028874120083 -0.140416552104469   1.21991600392894 -0.0226945301217073 -0.953472659245573 -0.224415997753449 -0.200030763449162
0  0.184516525827331 -0.138511655833905   1.20921481611304 -0.00406082600286377 -0.958828041394884 -0.210955467501328 -0.190079161031188
0 0.174656939134605 -0.13857255759399  1.19894956101007 -0.0100105462290145 -0.960693523726516 -0.211355476726915 -0.179712561863845
0 0.162446520309323 -0.13859063725054  1.18975882610963 -0.0198656068658244 -0.962753394858948 -0.203239549255267 -0.177214401135854
0  0.149696495156994 -0.136356371891383   1.18229344519085 -0.0232175431109318 -0.958236743978808 -0.209636954586413 -0.193120779442606
0  0.135672697419691 -0.135078254258351   1.17427523434507 -0.0166147902351724 -0.955087788330557 -0.21704994029801 -0.201048722313563
0  0.122810444315236 -0.134573537026468   1.16707677814117 -0.0214919295769168 -0.95845184944244 -0.208762057276772 -0.193200809276247
0  0.110851895731186 -0.133107611572053   1.16065587343321 -0.0263418495028154 -0.962471839227441 -0.206245202019098 -0.17440465103609
0  0.101108944080777 -0.130531815111784   1.15231467024048 -0.0192277323055204 -0.967077815680008 -0.20277586278306 -0.152554063212216
0 0.0889782140343529 -0.128364562272184   1.14434263777536 -0.012516382811142 -0.968662440763722 -0.205729492105961 -0.138606609123871
0 0.0750365001428793 -0.127861081994787   1.13613318161333 -0.01746548880827 -0.968620610941617 -0.214116431560976 -0.124992889779265
0  0.057603565997059 -0.127068255611442   1.13019321963772 -0.0288521703985566 -0.968134492649058 -0.215922641038781 -0.123533677567221
0 0.0419286338779767 -0.125512027165291   1.12767189650684 -0.0110043287981794 -0.965198126473243 -0.219747186262774 -0.14136002097424
0 0.0238896444017105 -0.125699542254209   1.12617147905906 0.00173458318502882 -0.965208395206983 -0.209585456945782 -0.156344751366854
0 0.00710773753021143  -0.125313790750262    1.12189626586298 -0.0118482546324095 -0.967572220608783 -0.200331644433751 -0.15339768253407
0 -0.0092839360700594  -0.122602554107925    1.11552963157989 -0.002879026808973 -0.964633717377514 -0.204913251469997 -0.165783177298135
0 -0.0234694554793691  -0.119932735495628    1.10974444486473 0.0178742525084357 -0.959292573559293 -0.220119636208292 -0.176027313695294
0 -0.0372426799505471  -0.120994717099039    1.10384230671354 -0.0129974218739226 -0.960147140641695 -0.223694065689946 -0.167061366920397
0 -0.0541388434442401  -0.118358118508949    1.09966963439999 -0.0142951381906145 -0.958340599876793 -0.235579555907506 -0.160876401284719
0 -0.0699565292971418  -0.117353717537972    1.09742777287762 -0.00771775900773646 -0.953381364246877 -0.247066014421316 -0.173097645913017
0 -0.0854628336861237  -0.118407130067422    1.09648251201205 0.00964681054726069 -0.954623940552628 -0.22730020960347 -0.192183989666823
0 -0.101254259766631 -0.118541559627833   1.09104894722937 -0.00283918974986063 -0.955591283962166 -0.21804828214424 -0.198222560953716
0 -0.116585461328747 -0.115257507352004   1.07990236062924 0.0147776198785162 -0.952648402229799 -0.220473256486967 -0.208887976805198
0 -0.129809716822367 -0.115056081603648   1.07136495255642 0.0079658674611171 -0.945148566036727 -0.235438757308269 -0.226272677607015
0 -0.140212308999137 -0.114225932637328    1.0693461181472 0.00952644530916037 -0.936726637756261 -0.234418343149273 -0.25980857059145
0 -0.148507027761251 -0.114507006522818    1.0697465285976 0.010743071902694 -0.927013820837141 -0.22855575001286 -0.297140087364659
0 -0.162448506430547 -0.115262350577842   1.07072746325846 0.0209149267174147 -0.919119888300843 -0.222355366105956 -0.32456014532616
0 -0.185444401998634  -0.11526488251684    1.0783084957418 0.0166039373305579 -0.917116620626324 -0.227373572913339 -0.326990323674413
0 -0.208851455994217 -0.117546821712512    1.0862547010287 0.0148042582939105 -0.924145561659052 -0.220154270713122 -0.311878040087814
0 -0.234734304122051 -0.116320147841561    1.0867087366101 0.0106857443060618 -0.925880078590131 -0.213913157602152 -0.311244366926111
0 -0.258375523849394 -0.116768404731531   1.08583746929125 0.0132360792641892 -0.928543664277568 -0.220223636990223 -0.298551535662603
0 -0.270273554678035 -0.117334317286217   1.08652115936851 0.000509521516221169 -0.94096888278031 -0.203460154457704 -0.270520364436851
0 -0.281643572791322 -0.116516726063355   1.08791072146388 -0.000731451024570733 -0.94720941760126 -0.219371285135019 -0.23381621724143
0 -0.297614107101675 -0.116864908859906   1.09093828512517 0.0116823714712441 -0.95333655384456 -0.222084407594559 -0.204184850574081
0 -0.310406734437266 -0.117574065697341   1.08969485230596 0.00435237508861373 -0.962182728266103 -0.20827109824564 -0.175523798651471
0 -0.328277400045323 -0.115747921464889   1.08237579049481 -8.61310351667364e-05 -0.965796687238857 -0.20586961103351 -0.15765295668907
0 -0.339157052191155 -0.113101816287393   1.07518933567976 0.0108242524947124 -0.965403224420205 -0.222449145912384 -0.135631218087331
0  -0.34957278902649 -0.110691158603249   1.06627983897801 -0.00156887836386065 -0.968838162944948 -0.221582855414294 -0.110685097590355
0 -0.356507066997949 -0.106761443730886   1.05464402451971 -0.00439127886586361 -0.967654489488489 -0.23790881628477 -0.0838146811523715
0 -0.361542407101058 -0.103468315434776    1.0421193173355 0.00507442161914145 -0.967560007502636 -0.245724933730302 -0.0584905041008326
0  -0.36667823450646 -0.100670924938635   1.02928267251242 0.00479373465256587 -0.967980390077638 -0.249099940291552 -0.0306627506915071
0  -0.373047121998407 -0.0983277831568456    1.01724240918825 -0.0125257972050864 -0.964894108170806 -0.262309759273151 -0.00400682064770329
0  -0.379689319790766 -0.0959840741071933    1.00465224014677 -0.024368999722198 -0.962986475100616 -0.267331034665933 0.0244401008645971
0  -0.389731271652249 -0.0938814538540926   0.986295688161881 -0.0242766888615813 -0.965060286268048 -0.258427247445292 0.0358419310863847
0  -0.398266492742986 -0.0927841906577591   0.967838544601236 -0.0282927710100027 -0.965345220435801 -0.255550310363448 0.0447455401517936
0 -0.407175482102581 -0.090394475691259  0.947936284353791 -0.0309428383837229 -0.965409478615549 -0.251656199850542 0.0607966810672775
0  -0.412274927940227 -0.0891683786637783   0.932561670831462 -0.0342789518810777 -0.965469971812458 -0.243955712033989 0.084724834330767
0  -0.416613076975008 -0.0870341412068569   0.916182629588915 -0.0321964897231413 -0.962417290489651 -0.24781223206195 0.106327055148445
0  -0.422415189176847 -0.0852391377417477   0.895258877836296 -0.0327103258013275 -0.960413892337502 -0.251250350529261 0.115794867546121
0  -0.428915198213263 -0.0829508389994862   0.875898917886393 -0.0294920302370219 -0.963992084593247 -0.243477797428024 0.102800988096722
0  -0.434087281670746 -0.0807771474359332   0.860642219450185 -0.033967075299556 -0.965884734516475 -0.24377432471389 0.080541889932632
0  -0.442968406977249 -0.0775750835745349   0.839049045092793 -0.0263370793712361 -0.965401454473227 -0.249154748050594 0.0723069946479288
0  -0.449646592911833 -0.0744238241903699   0.819335513200518 -0.0193313612512497 -0.965513670934133 -0.245565134223223 0.0843054836021911
0  -0.454849611805467 -0.0726575382700891    0.80311216706005 -0.00905933963441506 -0.968056079791319 -0.229382740692127 0.100841028440906
0  -0.460704663127971 -0.0701571808031141   0.786895192587813 -0.0137091956287676 -0.962191569292061 -0.246125364738832 0.115852262691195
0  -0.467042615659319 -0.0669191444684061   0.767422510833841 -0.0184587221853462 -0.962663025077785 -0.245049897324497 0.113532918330436
0  -0.472681633274582 -0.0641904338039601   0.750626384046005 -0.0253166491460619 -0.966102656351869 -0.238951236756489 0.0943770688166451
0  -0.477637712952484 -0.0619066636562361   0.732231020392628 -0.0279744764556061 -0.963975862828748 -0.25365305201567 0.0750206221897735
0  -0.482739674607203 -0.0591937016379862   0.710700864184751 -0.0279311985674261 -0.965047498472291 -0.251602629512889 0.0678180703143367
0  -0.485632445305936 -0.0552586678293985   0.687217417727081 -0.0136724341761785 -0.967107519826321 -0.242339430822613 0.0760769998596923
0  -0.489757544451352 -0.0520643338500085   0.666108245451034 -0.0140830166807889 -0.962112147978461 -0.258609472241504 0.0852233783677372
0  -0.496054364964935 -0.0470697449771549   0.643706973431085 -0.0231049901956353 -0.958889279949491 -0.26797817034904 0.0904721418028021
0  -0.50137427869808 -0.044356844778025  0.625092389490638 -0.0257754488502058 -0.961171845043724 -0.264819240192068 0.0731784159155598
0  -0.506567833736168 -0.0410670932947289   0.601280927715713 -0.0234711060792654 -0.960083170214234 -0.272092955473772 0.0604552481787237
0  -0.510896292664918 -0.0368875715952833   0.578173516040904 -0.00864718326801245 -0.95979439595286 -0.270352155904005 0.0750310303612557
0  -0.512226000482481 -0.0363669996725188   0.564376896402024 0.00612920369221068 -0.967166920883745 -0.237023265805518 0.0914907179840754
0  -0.516659639416991 -0.0343412009322045   0.542700386426323 -0.00572200523529556 -0.968072645704973 -0.231444017525838 0.0961055567871101
0  -0.52253145606415 -0.030126341840936   0.52167827956522 -0.00873456640639503 -0.966998673249325 -0.241145901213593 0.0817675217407404
0  -0.526806804490724 -0.0288160713887416   0.509095792221998 -0.0168796788751929 -0.968784515386454 -0.239792155271697 0.0605917606499229
0  -0.531792126327605 -0.0274377831921841   0.490578153214948 -0.012146233572483 -0.967035699847057 -0.249877762823121 0.047492398105674
0  -0.535736306313294 -0.0252767269286947   0.472611899318684 -0.00720580812087197 -0.971062124320293 -0.235353053516717 0.0399420485233684
0  -0.538613065633697 -0.0223867569229869   0.453755217384685 0.00503212669849365 -0.97180805568223 -0.230567525808254 0.0490142495063873
0  -0.543039369193109 -0.0205226861163354   0.431520765666048 -0.000404693482639979 -0.968789849532866 -0.239969666894777 0.062133908903938
0  -0.548144499779313 -0.0170174064285981   0.410979583807177 -0.00502830195260306 -0.968786925296769 -0.238747710777701 0.0665292428328569
0  -0.551422657497994 -0.0149087518108494    0.39605687558297 -0.00411593008692873 -0.972341393733809 -0.229638259037467 0.0424445890256397
0  -0.554508163667142 -0.0133651849355099   0.381185026511379 -0.00295095821638512 -0.971196417345911 -0.237816571689256 0.0145632760751725
0  -0.556589993688908 -0.0119095530643517    0.36511611806975 0.00174669207154132 -0.972829236436422 -0.23127097834606 -0.0106752225359156
0  -0.556836908740956 -0.0106057185059319   0.350447177109687 0.0018583511726217 -0.974008166428785 -0.223757409305569 -0.0351747074162078
0   -0.555078582260772 -0.00864313007390088     0.33462318064102 0.0124473753522773 -0.973623335519082 -0.220321828663001 -0.0579737457313853
0   -0.553305357114871 -0.00740535575509274    0.319114622161547 0.00969831874243029 -0.969038019148022 -0.232485386836815 -0.0825942187237423
0   -0.551845383684936 -0.00620286271058074    0.306629097838772 0.0114784664465259 -0.966661801709477 -0.228445213055015 -0.115091227102992
0   -0.550558678925496 -0.00530039983457642    0.298362832354881 0.0145095376903001 -0.963490636155087 -0.21817102957569 -0.154520772750342
0  -0.549649152079026 -0.0052171374616784   0.291856796823664 0.0168361654148242 -0.959090224516143 -0.202336449875085 -0.197287723448894
0   -0.548655401020964 -0.00417694593823723    0.285374516302079 0.0263931341675539 -0.946291722412637 -0.205221456277111 -0.248434161188916
0   -0.546687782018323 -0.00340444642759638    0.279245701474816 0.0332500933574335 -0.931736341231448 -0.208036609921849 -0.295774560523012
0   -0.544046294468373 -0.00295624269087202    0.273436171742992 0.0336706843894906 -0.91804036490911 -0.203897927079752 -0.338369337769946
0   -0.535556815804092 -0.00229822067143434    0.259495944566543 0.0369412181932216 -0.894002754043946 -0.183669458955872 -0.407013454331791
0    -0.53009824177794 -0.00133473452438729    0.251374317112839 0.0527307708677394 -0.876564720772902 -0.183040077357335 -0.441984260105538
0   -0.526013465694085 -0.00179185385064587    0.241503994715545 0.0382882155910949 -0.865377416636716 -0.181066351859278 -0.465694014935113
0    -0.522128842308698 -0.000441111319851362     0.229774552721723 0.0378258099839747 -0.849352793464935 -0.178740407865199 -0.495197846247892
0    -0.520954902110518 -0.000239172884256539     0.220378757116224 0.0364676790836582 -0.831375900481884 -0.168686646520017 -0.52823199047958
0    -0.517804038969848 -0.000215685073784777     0.202652274812383 0.0278917989223863 -0.788155398049044 -0.160061726082118 -0.593644135760338
0    -0.514118198656425 -0.000865778054909699     0.193289195855966 0.0243372985606363 -0.765665212290469 -0.154994822363011 -0.623811737327552
0   -0.509688573538552 -0.00010914659633357     0.18447098479525 0.0305412027379088 -0.748754434534964 -0.13320316616157 -0.648606928905389
0  -0.500870745980066 0.00231427647995568   0.168848426046075 0.0432849791729187 -0.732537136681496 -0.158774928558242 -0.660534840884113
0  -0.497020934646494 0.00406044664040398   0.153541786238456 0.02804736310207 -0.723098344991086 -0.133122445774562 -0.67721528580295
0  -0.496154636835865 0.00689461934789486   0.145328274532513 0.0361142110641154 -0.695762789864563 -0.134025182037749 -0.704731973574951
0  -0.496496871663002 0.00798994443675993   0.137154539552329 0.0490090170477637 -0.663436996214115 -0.126936302137273 -0.735755831442823
0 -0.493937770609828 0.0114938188039448  0.126874757151527 0.0541086391775407 -0.63534724433602 -0.126479101757213 -0.759874444299628
0 -0.483140732208804 0.0350717914162806 0.0954153962845588 0.0849716903325262 -0.634347291842562 -0.147937244233373 -0.75398799522451
0  -0.48767827838775 0.0381952544197604 0.0908837327976403 0.0819961130930727 -0.600070587827202 -0.139387684445876 -0.783430278000002
0 -0.494096005613569 0.0457889828737473 0.0846673669300006 0.0615422415482534 -0.588024891133354 -0.113815514552299 -0.798426770943973
0 -0.500411726773139 0.0755016129526588 0.0784701342563728 0.0460771003805434 -0.570988891231375 -0.0698275131738671 -0.816683969057089
